60 354 0,20 21 6
1 23
3 40
16 35
16 43
18 19
16 27
19 35
51 57
19 33
27 30
42 44
0 34
7 33
0 20
30 34
39 45
3 52
16 47
19 24
3 24
0 33
51 56
1 27
45 57
28 52
35 41
7 22
12 14
22 50
20 49
3 13
3 8
1 32
32 56
6 20
8 30
44 48
1 54
0 1
31 47
33 40
25 45
7 10
20 31
16 56
16 30
24 44
11 27
13 57
20 50
9 22
8 24
49 54
34 43
38 50
5 41
14 27
1 28
20 41
6 34
4 13
18 31
6 48
8 12
14 57
1 24
25 55
0 13
1 52
1 51
17 48
4 20
4 33
22 54
16 51
32 42
29 36
24 37
30 59
23 31
35 53
25 28
7 46
41 52
5 37
27 44
10 45
0 47
32 46
5 12
39 59
8 43
33 55
43 50
20 56
9 29
26 33
9 12
4 36
17 24
23 35
16 24
12 40
30 52
13 34
17 50
2 46
25 39
30 39
29 59
33 50
45 50
52 58
43 51
36 51
38 52
1 18
44 53
11 42
26 27
1 40
21 31
2 3
33 54
7 26
8 22
18 51
14 52
9 31
18 59
14 17
22 24
27 47
5 33
11 13
22 59
27 36
43 55
0 17
24 53
5 47
54 55
2 17
2 59
36 37
28 49
35 38
3 31
25 42
9 41
11 48
30 53
24 52
27 55
20 33
31 46
23 41
6 38
10 58
1 37
42 56
3 10
39 46
48 49
28 35
15 25
19 25
2 56
6 58
30 37
5 34
15 50
1 35
20 38
21 30
14 38
8 16
8 32
45 53
24 59
13 23
7 11
2 48
0 56
14 23
9 28
12 18
6 33
14 34
21 28
18 50
23 37
7 27
29 43
9 17
4 30
47 49
19 52
22 26
4 17
38 56
5 14
11 25
6 54
17 32
10 17
35 54
8 27
46 53
23 29
3 37
37 47
14 51
51 54
9 24
5 16
28 58
5 43
11 21
14 48
10 49
9 34
9 19
32 48
17 40
22 45
5 52
18 25
17 55
11 55
19 56
16 21
19 47
8 35
1 56
11 44
6 37
3 4
10 44
34 58
0 50
25 46
50 53
17 25
41 59
19 55
10 36
2 26
8 9
33 39
10 54
3 48
11 15
32 50
25 35
31 50
5 17
35 44
1 3
21 59
25 34
8 36
50 58
44 49
37 51
15 31
6 36
29 41
20 53
14 58
13 49
42 55
1 44
9 45
0 35
49 56
3 35
42 52
11 36
1 39
32 35
18 54
8 57
26 40
23 32
40 41
7 47
16 42
32 57
36 48
12 45
35 42
34 48
19 34
2 8
12 29
34 36
13 40
1 17
24 40
37 42
12 49
5 39
14 29
4 27
33 52
1 42
23 46
12 41
37 59
31 42
45 59
9 51
31 43
25 31
2 54
17 44
22 56
45 58
1 45
2 42
20 27
1 57
7 25
10 52
10 33
40 54
31 48
8 19
43 57
36 54
3 11
26 42
6 15
26 46
44 59
40 53
20 35
0 45
38 59
32 51
32 49
7 41
13 20
5 50
41 53
4 28
15 47
27 35
24 29
40 42
50 57
47 52
4 51
