50 234 0,19 19 4
0 2
0 4
0 5
0 16
0 18
0 22
0 24
0 27
0 41
1 6
1 7
1 11
1 12
1 15
1 17
1 20
1 26
1 28
1 36
1 37
1 38
1 40
1 43
1 46
2 10
2 17
2 28
2 34
2 38
2 40
2 42
2 44
3 4
3 6
3 14
3 18
3 25
3 27
3 40
3 41
3 46
4 12
4 17
4 22
4 23
4 38
4 46
5 9
5 13
5 22
5 23
5 33
5 41
5 48
6 21
6 23
6 38
6 39
6 44
7 11
7 13
7 16
7 19
7 22
7 26
7 41
7 45
8 20
8 25
8 26
8 27
9 13
9 20
9 26
9 31
9 34
9 37
9 46
9 47
10 13
10 22
10 30
10 36
10 37
10 40
10 42
10 46
11 13
11 19
11 21
11 27
11 32
11 36
11 43
11 49
12 17
12 18
12 21
12 25
12 26
12 32
12 34
12 42
12 47
13 19
13 24
13 32
13 36
13 37
13 41
14 22
14 23
14 26
14 32
14 35
14 36
14 39
14 47
14 48
15 17
15 18
15 20
15 22
15 23
15 26
15 28
15 31
16 21
16 25
16 37
16 38
16 44
16 48
17 19
17 23
17 31
17 33
18 21
18 27
18 28
18 29
18 37
18 43
19 24
19 34
19 37
19 41
19 42
19 49
20 39
20 42
21 23
21 30
21 43
22 23
22 24
22 34
22 37
22 40
22 44
23 24
23 26
23 27
23 31
23 32
23 42
23 43
23 45
23 47
23 48
23 49
24 29
24 30
24 37
24 41
24 44
25 27
25 33
25 47
25 48
26 31
26 33
26 46
26 49
27 29
27 34
27 39
27 41
27 45
27 46
27 47
28 34
28 36
28 45
28 47
28 49
29 34
29 37
29 41
30 32
30 34
30 35
30 38
30 39
30 49
31 32
31 34
31 49
32 40
32 43
32 48
34 46
35 37
35 46
35 48
36 39
36 48
37 42
37 46
37 49
38 48
40 45
40 46
41 43
41 45
41 46
41 47
42 43
43 45
43 47
44 45
44 48
45 47
46 47
