50 248 0,20 18 5
0 3
0 5
0 10
0 12
0 13
0 30
0 32
0 38
0 40
0 44
0 45
1 2
1 3
1 7
1 9
1 15
1 23
1 25
1 26
1 28
1 32
1 39
1 42
1 43
1 47
1 49
2 3
2 4
2 9
2 10
2 12
2 41
3 4
3 6
3 8
3 11
3 28
3 32
3 40
3 44
4 8
4 19
4 27
4 28
4 32
4 35
4 46
5 7
5 25
5 30
5 43
5 45
5 46
5 47
6 12
6 13
6 15
6 20
6 22
6 32
6 37
6 39
6 47
6 48
6 49
7 8
7 10
7 18
7 19
7 20
7 30
7 33
7 34
7 41
7 45
8 16
8 17
8 20
8 23
8 24
8 25
8 27
8 31
8 33
8 37
8 39
8 41
8 43
8 44
8 49
9 22
9 24
9 29
9 35
9 39
9 43
9 49
10 12
10 16
10 17
10 31
10 40
10 47
11 24
11 25
11 40
11 42
11 48
12 25
12 27
12 31
12 40
12 47
13 17
13 26
13 27
13 31
13 38
13 44
13 47
14 19
14 24
14 27
14 29
14 37
14 39
14 40
14 45
14 48
15 17
15 19
15 24
15 31
15 41
16 23
16 25
16 26
16 27
16 42
16 45
16 49
17 30
17 35
17 42
17 43
17 48
18 21
18 27
18 44
18 47
19 26
19 31
19 39
19 46
19 48
20 35
20 44
20 49
21 23
21 26
21 29
21 33
21 35
22 27
22 30
22 44
23 24
23 30
23 32
23 38
23 41
24 32
24 37
24 38
24 46
25 26
25 33
25 34
25 37
25 45
26 27
26 34
26 35
26 36
26 40
26 44
26 45
27 28
27 36
27 43
27 49
28 31
28 37
28 38
28 46
28 47
29 40
29 43
30 32
30 33
30 35
30 37
30 39
30 46
31 34
31 38
31 41
31 49
32 38
32 43
32 49
33 38
33 41
34 41
34 45
34 49
35 37
35 38
35 39
35 46
36 37
36 41
36 45
37 40
37 41
37 43
37 44
38 39
38 45
38 46
38 49
39 40
39 45
40 42
40 43
40 47
41 42
41 44
41 46
42 43
42 46
42 47
42 48
43 44
43 47
44 46
45 48
46 49
